(kicad_pcb (version 20171130) (host pcbnew "(5.1.7)-1")

  (general
    (thickness 1.6)
    (drawings 61)
    (tracks 671)
    (zones 0)
    (modules 84)
    (nets 76)
  )

  (page A3)
  (title_block
    (title Treadstone32)
    (date 2019-06-12)
    (rev 1.1)
    (company marksard)
  )

  (layers
    (0 F.Cu signal)
    (31 B.Cu signal)
    (32 B.Adhes user)
    (33 F.Adhes user)
    (34 B.Paste user)
    (35 F.Paste user)
    (36 B.SilkS user)
    (37 F.SilkS user)
    (38 B.Mask user)
    (39 F.Mask user)
    (40 Dwgs.User user)
    (41 Cmts.User user)
    (42 Eco1.User user)
    (43 Eco2.User user hide)
    (44 Edge.Cuts user)
    (45 Margin user)
    (46 B.CrtYd user)
    (47 F.CrtYd user)
    (48 B.Fab user)
    (49 F.Fab user)
  )

  (setup
    (last_trace_width 0.25)
    (user_trace_width 0.5)
    (trace_clearance 0.2)
    (zone_clearance 0.508)
    (zone_45_only no)
    (trace_min 0.2)
    (via_size 0.6)
    (via_drill 0.4)
    (via_min_size 0.4)
    (via_min_drill 0.3)
    (uvia_size 0.3)
    (uvia_drill 0.1)
    (uvias_allowed no)
    (uvia_min_size 0.2)
    (uvia_min_drill 0.1)
    (edge_width 0.15)
    (segment_width 0.2)
    (pcb_text_width 0.3)
    (pcb_text_size 1.5 1.5)
    (mod_edge_width 0.15)
    (mod_text_size 1 1)
    (mod_text_width 0.15)
    (pad_size 4 4)
    (pad_drill 4)
    (pad_to_mask_clearance 0.2)
    (aux_axis_origin 62.43986 133.879)
    (grid_origin 62.43986 133.879)
    (visible_elements 7FFFF7FF)
    (pcbplotparams
      (layerselection 0x010f0_ffffffff)
      (usegerberextensions true)
      (usegerberattributes false)
      (usegerberadvancedattributes false)
      (creategerberjobfile false)
      (excludeedgelayer true)
      (linewidth 0.100000)
      (plotframeref false)
      (viasonmask true)
      (mode 1)
      (useauxorigin false)
      (hpglpennumber 1)
      (hpglpenspeed 20)
      (hpglpendiameter 15.000000)
      (psnegative false)
      (psa4output false)
      (plotreference true)
      (plotvalue false)
      (plotinvisibletext false)
      (padsonsilk false)
      (subtractmaskfromsilk false)
      (outputformat 1)
      (mirror false)
      (drillshape 0)
      (scaleselection 1)
      (outputdirectory "garber/"))
  )

  (net 0 "")
  (net 1 GND)
  (net 2 row0)
  (net 3 "Net-(D1-Pad2)")
  (net 4 "Net-(D2-Pad2)")
  (net 5 row1)
  (net 6 row2)
  (net 7 "Net-(D3-Pad2)")
  (net 8 "Net-(D4-Pad2)")
  (net 9 "Net-(D5-Pad2)")
  (net 10 "Net-(D6-Pad2)")
  (net 11 "Net-(D7-Pad2)")
  (net 12 "Net-(D8-Pad2)")
  (net 13 "Net-(D9-Pad2)")
  (net 14 "Net-(D10-Pad2)")
  (net 15 "Net-(D11-Pad2)")
  (net 16 "Net-(D12-Pad2)")
  (net 17 "Net-(D13-Pad2)")
  (net 18 "Net-(D14-Pad2)")
  (net 19 "Net-(D15-Pad2)")
  (net 20 row3)
  (net 21 "Net-(D16-Pad2)")
  (net 22 "Net-(D17-Pad2)")
  (net 23 "Net-(D18-Pad2)")
  (net 24 "Net-(D19-Pad2)")
  (net 25 "Net-(D20-Pad2)")
  (net 26 "Net-(D21-Pad2)")
  (net 27 "Net-(D22-Pad2)")
  (net 28 "Net-(D23-Pad2)")
  (net 29 "Net-(D24-Pad2)")
  (net 30 "Net-(D25-Pad2)")
  (net 31 "Net-(D26-Pad2)")
  (net 32 "Net-(D27-Pad2)")
  (net 33 "Net-(D28-Pad2)")
  (net 34 "Net-(D29-Pad2)")
  (net 35 "Net-(D30-Pad2)")
  (net 36 "Net-(D31-Pad2)")
  (net 37 "Net-(D32-Pad2)")
  (net 38 "Net-(R1-Pad2)")
  (net 39 col0)
  (net 40 col1)
  (net 41 col2)
  (net 42 col3)
  (net 43 col4)
  (net 44 "Net-(C1-Pad2)")
  (net 45 "Net-(C2-Pad2)")
  (net 46 "Net-(C3-Pad1)")
  (net 47 +5V)
  (net 48 VBUS)
  (net 49 D+)
  (net 50 D-)
  (net 51 "Net-(R4-Pad2)")
  (net 52 "Net-(R5-Pad2)")
  (net 53 "Net-(R6-Pad2)")
  (net 54 col5)
  (net 55 col6)
  (net 56 col7)
  (net 57 col8)
  (net 58 col9)
  (net 59 "Net-(U1-Pad42)")
  (net 60 "Net-(U1-Pad31)")
  (net 61 "Net-(U1-Pad30)")
  (net 62 "Net-(U1-Pad29)")
  (net 63 "Net-(U1-Pad28)")
  (net 64 "Net-(U1-Pad27)")
  (net 65 "Net-(U1-Pad26)")
  (net 66 "Net-(U1-Pad21)")
  (net 67 "Net-(U1-Pad20)")
  (net 68 "Net-(U1-Pad19)")
  (net 69 "Net-(U1-Pad18)")
  (net 70 "Net-(U1-Pad12)")
  (net 71 "Net-(USB1-Pad3)")
  (net 72 "Net-(USB1-Pad9)")
  (net 73 "Net-(R2-Pad1)")
  (net 74 "Net-(R3-Pad1)")
  (net 75 "Net-(R7-Pad1)")

  (net_class Default "これはデフォルトのネット クラスです。"
    (clearance 0.2)
    (trace_width 0.25)
    (via_dia 0.6)
    (via_drill 0.4)
    (uvia_dia 0.3)
    (uvia_drill 0.1)
    (add_net D+)
    (add_net D-)
    (add_net "Net-(C1-Pad2)")
    (add_net "Net-(C2-Pad2)")
    (add_net "Net-(C3-Pad1)")
    (add_net "Net-(D1-Pad2)")
    (add_net "Net-(D10-Pad2)")
    (add_net "Net-(D11-Pad2)")
    (add_net "Net-(D12-Pad2)")
    (add_net "Net-(D13-Pad2)")
    (add_net "Net-(D14-Pad2)")
    (add_net "Net-(D15-Pad2)")
    (add_net "Net-(D16-Pad2)")
    (add_net "Net-(D17-Pad2)")
    (add_net "Net-(D18-Pad2)")
    (add_net "Net-(D19-Pad2)")
    (add_net "Net-(D2-Pad2)")
    (add_net "Net-(D20-Pad2)")
    (add_net "Net-(D21-Pad2)")
    (add_net "Net-(D22-Pad2)")
    (add_net "Net-(D23-Pad2)")
    (add_net "Net-(D24-Pad2)")
    (add_net "Net-(D25-Pad2)")
    (add_net "Net-(D26-Pad2)")
    (add_net "Net-(D27-Pad2)")
    (add_net "Net-(D28-Pad2)")
    (add_net "Net-(D29-Pad2)")
    (add_net "Net-(D3-Pad2)")
    (add_net "Net-(D30-Pad2)")
    (add_net "Net-(D31-Pad2)")
    (add_net "Net-(D32-Pad2)")
    (add_net "Net-(D4-Pad2)")
    (add_net "Net-(D5-Pad2)")
    (add_net "Net-(D6-Pad2)")
    (add_net "Net-(D7-Pad2)")
    (add_net "Net-(D8-Pad2)")
    (add_net "Net-(D9-Pad2)")
    (add_net "Net-(R1-Pad2)")
    (add_net "Net-(R2-Pad1)")
    (add_net "Net-(R3-Pad1)")
    (add_net "Net-(R4-Pad2)")
    (add_net "Net-(R5-Pad2)")
    (add_net "Net-(R6-Pad2)")
    (add_net "Net-(R7-Pad1)")
    (add_net "Net-(U1-Pad12)")
    (add_net "Net-(U1-Pad18)")
    (add_net "Net-(U1-Pad19)")
    (add_net "Net-(U1-Pad20)")
    (add_net "Net-(U1-Pad21)")
    (add_net "Net-(U1-Pad26)")
    (add_net "Net-(U1-Pad27)")
    (add_net "Net-(U1-Pad28)")
    (add_net "Net-(U1-Pad29)")
    (add_net "Net-(U1-Pad30)")
    (add_net "Net-(U1-Pad31)")
    (add_net "Net-(U1-Pad42)")
    (add_net "Net-(USB1-Pad3)")
    (add_net "Net-(USB1-Pad9)")
    (add_net VBUS)
    (add_net col0)
    (add_net col1)
    (add_net col2)
    (add_net col3)
    (add_net col4)
    (add_net col5)
    (add_net col6)
    (add_net col7)
    (add_net col8)
    (add_net col9)
    (add_net row0)
    (add_net row1)
    (add_net row2)
    (add_net row3)
  )

  (net_class Power ""
    (clearance 0.2)
    (trace_width 0.381)
    (via_dia 0.6)
    (via_drill 0.4)
    (uvia_dia 0.3)
    (uvia_drill 0.1)
    (add_net +5V)
    (add_net GND)
  )

  (module Resistor_SMD:R_0805_2012Metric (layer F.Cu) (tedit 5F68FEEE) (tstamp 603096D7)
    (at 206.93986 69.379 270)
    (descr "Resistor SMD 0805 (2012 Metric), square (rectangular) end terminal, IPC_7351 nominal, (Body size source: IPC-SM-782 page 72, https://www.pcb-3d.com/wordpress/wp-content/uploads/ipc-sm-782a_amendment_1_and_2.pdf), generated with kicad-footprint-generator")
    (tags resistor)
    (path /603170F9)
    (attr smd)
    (fp_text reference R7 (at 0 -1.65 90) (layer F.SilkS)
      (effects (font (size 1 1) (thickness 0.15)))
    )
    (fp_text value 1M (at 0 1.65 90) (layer F.Fab)
      (effects (font (size 1 1) (thickness 0.15)))
    )
    (fp_line (start 1.68 0.95) (end -1.68 0.95) (layer F.CrtYd) (width 0.05))
    (fp_line (start 1.68 -0.95) (end 1.68 0.95) (layer F.CrtYd) (width 0.05))
    (fp_line (start -1.68 -0.95) (end 1.68 -0.95) (layer F.CrtYd) (width 0.05))
    (fp_line (start -1.68 0.95) (end -1.68 -0.95) (layer F.CrtYd) (width 0.05))
    (fp_line (start -0.227064 0.735) (end 0.227064 0.735) (layer F.SilkS) (width 0.12))
    (fp_line (start -0.227064 -0.735) (end 0.227064 -0.735) (layer F.SilkS) (width 0.12))
    (fp_line (start 1 0.625) (end -1 0.625) (layer F.Fab) (width 0.1))
    (fp_line (start 1 -0.625) (end 1 0.625) (layer F.Fab) (width 0.1))
    (fp_line (start -1 -0.625) (end 1 -0.625) (layer F.Fab) (width 0.1))
    (fp_line (start -1 0.625) (end -1 -0.625) (layer F.Fab) (width 0.1))
    (fp_text user %R (at 0 0 90) (layer F.Fab)
      (effects (font (size 0.5 0.5) (thickness 0.08)))
    )
    (pad 2 smd roundrect (at 0.9125 0 270) (size 1.025 1.4) (layers F.Cu F.Paste F.Mask) (roundrect_rratio 0.243902)
      (net 1 GND))
    (pad 1 smd roundrect (at -0.9125 0 270) (size 1.025 1.4) (layers F.Cu F.Paste F.Mask) (roundrect_rratio 0.243902)
      (net 75 "Net-(R7-Pad1)"))
    (model ${KISYS3DMOD}/Resistor_SMD.3dshapes/R_0805_2012Metric.wrl
      (at (xyz 0 0 0))
      (scale (xyz 1 1 1))
      (rotate (xyz 0 0 0))
    )
  )

  (module SR05:Semtech-SOT-143-0-0-MFG (layer F.Cu) (tedit 5EF1D18F) (tstamp 6030D054)
    (at 200.68986 71.379 90)
    (path /6030CCBC)
    (fp_text reference D33 (at -1.645 -2.5 90) (layer F.SilkS)
      (effects (font (size 1 1) (thickness 0.15)) (justify left))
    )
    (fp_text value SR05.TCT (at 0 0 90) (layer F.SilkS)
      (effects (font (size 1.27 1.27) (thickness 0.15)))
    )
    (fp_line (start -1.52 0.7) (end -1.52 -0.7) (layer F.Fab) (width 0.15))
    (fp_line (start -1.52 -0.7) (end 1.52 -0.7) (layer F.Fab) (width 0.15))
    (fp_line (start 1.52 -0.7) (end 1.52 0.7) (layer F.Fab) (width 0.15))
    (fp_line (start 1.52 0.7) (end -1.52 0.7) (layer F.Fab) (width 0.15))
    (fp_line (start -0.085 -0.7) (end 0.084999 -0.7) (layer F.SilkS) (width 0.15))
    (fp_line (start 1.52 0.025) (end 1.52 -0.024999) (layer F.SilkS) (width 0.15))
    (fp_line (start -1.52 0.025) (end -1.52 -0.025) (layer F.SilkS) (width 0.15))
    (fp_circle (center -1.895 1.525) (end -1.77 1.525) (layer F.SilkS) (width 0.25))
    (fp_line (start 1.545 -1.825) (end 1.545 -1.825) (layer F.CrtYd) (width 0.15))
    (fp_line (start 1.545 -1.825) (end -1.545 -1.825) (layer F.CrtYd) (width 0.15))
    (fp_line (start -1.545 -1.825) (end -1.545 1.825) (layer F.CrtYd) (width 0.15))
    (fp_line (start -1.545 1.825) (end 1.545 1.825) (layer F.CrtYd) (width 0.15))
    (fp_line (start 1.545 1.825) (end 1.545 -1.825) (layer F.CrtYd) (width 0.15))
    (pad 4 smd rect (at -0.96 -1.1 90) (size 1 1.4) (layers F.Cu F.Paste F.Mask)
      (net 48 VBUS))
    (pad 3 smd rect (at 0.959999 -1.099999 90) (size 1 1.4) (layers F.Cu F.Paste F.Mask)
      (net 49 D+))
    (pad 2 smd rect (at 0.959999 1.1 90) (size 1 1.4) (layers F.Cu F.Paste F.Mask)
      (net 50 D-))
    (pad 1 smd rect (at -0.76 1.1 90) (size 1.2 1.4) (layers F.Cu F.Paste F.Mask)
      (net 1 GND))
    (model eec.models/Semtech_-_SR05.TCT.step
      (at (xyz 0 0 0))
      (scale (xyz 1 1 1))
      (rotate (xyz 0 0 0))
    )
  )

  (module kbd:CherryMX_Hotswap_front (layer F.Cu) (tedit 5BCDA17B) (tstamp 5C9D9946)
    (at 110.06606 67.20232)
    (path /5B9C1730)
    (fp_text reference SW2 (at 7.1 8.2) (layer F.SilkS) hide
      (effects (font (size 1 1) (thickness 0.15)))
    )
    (fp_text value SW_PUSH (at -5.3 -8.1) (layer F.Fab) hide
      (effects (font (size 1 1) (thickness 0.15)))
    )
    (fp_line (start 5.8 -3.8) (end 5.8 -4.7) (layer F.SilkS) (width 0.3))
    (fp_line (start 5.3 -1.6) (end 5.3 -3.4) (layer F.SilkS) (width 0.8))
    (fp_line (start 4.17 -5.1) (end 4.17 -2.86) (layer F.SilkS) (width 3))
    (fp_line (start -4.3 -3.3) (end -2.9 -3.3) (layer F.SilkS) (width 0.5))
    (fp_line (start -3.9 -6) (end -3.9 -3.5) (layer F.SilkS) (width 1))
    (fp_line (start -2.6 -4.8) (end 4.1 -4.8) (layer F.SilkS) (width 3.5))
    (fp_line (start -4.6 -3) (end -4.6 -4) (layer F.SilkS) (width 0.15))
    (fp_line (start -4.6 -4) (end -4.4 -4) (layer F.SilkS) (width 0.15))
    (fp_line (start -4.38 -4) (end -4.38 -6.25) (layer F.SilkS) (width 0.15))
    (fp_line (start -4.4 -6.25) (end -4.6 -6.25) (layer F.SilkS) (width 0.15))
    (fp_line (start 5.9 -3.7) (end 5.7 -3.7) (layer F.SilkS) (width 0.15))
    (fp_line (start 5.67 -3.7) (end 5.67 -1.46) (layer F.SilkS) (width 0.15))
    (fp_line (start 5.7 -1.46) (end 5.9 -1.46) (layer F.SilkS) (width 0.15))
    (fp_line (start 5.9 -1.1) (end 5.9 -1.46) (layer F.SilkS) (width 0.15))
    (fp_line (start 5.9 -4.7) (end 5.9 -3.7) (layer F.SilkS) (width 0.15))
    (fp_line (start 5.9 -1.1) (end 2.62 -1.1) (layer F.SilkS) (width 0.15))
    (fp_line (start 0.4 -3) (end -4.6 -3) (layer F.SilkS) (width 0.15))
    (fp_line (start -4.6 -6.6) (end 3.8 -6.6) (layer F.SilkS) (width 0.15))
    (fp_line (start -4.6 -6.25) (end -4.6 -6.6) (layer F.SilkS) (width 0.15))
    (fp_line (start 5.7 -1.3) (end 3 -1.3) (layer F.SilkS) (width 0.5))
    (fp_line (start -4.4 -6.4) (end -3 -6.4) (layer F.SilkS) (width 0.4))
    (fp_line (start -4.4 -3.9) (end -4.4 -3.2) (layer F.SilkS) (width 0.4))
    (fp_line (start -9 -9) (end 9 -9) (layer Eco2.User) (width 0.15))
    (fp_line (start 9 -9) (end 9 9) (layer Eco2.User) (width 0.15))
    (fp_line (start 9 9) (end -9 9) (layer Eco2.User) (width 0.15))
    (fp_line (start -9 9) (end -9 -9) (layer Eco2.User) (width 0.15))
    (fp_line (start -7 -7) (end 7 -7) (layer Eco2.User) (width 0.15))
    (fp_line (start 7 -7) (end 7 7) (layer Eco2.User) (width 0.15))
    (fp_line (start 7 7.1) (end -7 7.1) (layer Eco2.User) (width 0.15))
    (fp_line (start -7 7) (end -7 -7) (layer Eco2.User) (width 0.15))
    (fp_arc (start 0.465 -0.83) (end 0.4 -3) (angle 84) (layer F.SilkS) (width 0.15))
    (fp_arc (start 3.9 -4.6) (end 3.8 -6.6) (angle 90) (layer F.SilkS) (width 0.15))
    (fp_arc (start 0.865 -1.23) (end 0.8 -3.4) (angle 84) (layer F.SilkS) (width 1))
    (pad 1 smd rect (at 7 -2.58 180) (size 2.3 2) (layers F.Cu F.Paste F.Mask)
      (net 39 col0))
    (pad 2 smd rect (at -5.7 -5.12 180) (size 2.3 2) (layers F.Cu F.Paste F.Mask)
      (net 3 "Net-(D1-Pad2)"))
    (pad "" np_thru_hole circle (at -2.54 -5.08 180) (size 3 3) (drill 3) (layers *.Cu *.Mask))
    (pad "" np_thru_hole circle (at 3.81 -2.54 180) (size 3 3) (drill 3) (layers *.Cu *.Mask))
    (pad "" np_thru_hole circle (at 0 0 90) (size 4 4) (drill 4) (layers *.Cu *.Mask F.SilkS))
    (pad "" np_thru_hole circle (at 5.08 0) (size 1.8 1.8) (drill 1.8) (layers *.Cu *.Mask F.SilkS))
    (pad "" np_thru_hole circle (at -5.08 0) (size 1.8 1.8) (drill 1.8) (layers *.Cu *.Mask F.SilkS))
  )

  (module kbd:CherryMX_Hotswap_front (layer F.Cu) (tedit 5BCDA17B) (tstamp 5C9D80BC)
    (at 129.11654 67.20232)
    (path /5B9EE7A9)
    (fp_text reference SW3 (at 7.1 8.2) (layer F.SilkS) hide
      (effects (font (size 1 1) (thickness 0.15)))
    )
    (fp_text value SW_PUSH (at -5.3 -8.1) (layer F.Fab) hide
      (effects (font (size 1 1) (thickness 0.15)))
    )
    (fp_line (start -7 7) (end -7 -7) (layer Eco2.User) (width 0.15))
    (fp_line (start 7 7.1) (end -7 7.1) (layer Eco2.User) (width 0.15))
    (fp_line (start 7 -7) (end 7 7) (layer Eco2.User) (width 0.15))
    (fp_line (start -7 -7) (end 7 -7) (layer Eco2.User) (width 0.15))
    (fp_line (start -9 9) (end -9 -9) (layer Eco2.User) (width 0.15))
    (fp_line (start 9 9) (end -9 9) (layer Eco2.User) (width 0.15))
    (fp_line (start 9 -9) (end 9 9) (layer Eco2.User) (width 0.15))
    (fp_line (start -9 -9) (end 9 -9) (layer Eco2.User) (width 0.15))
    (fp_line (start -4.4 -3.9) (end -4.4 -3.2) (layer F.SilkS) (width 0.4))
    (fp_line (start -4.4 -6.4) (end -3 -6.4) (layer F.SilkS) (width 0.4))
    (fp_line (start 5.7 -1.3) (end 3 -1.3) (layer F.SilkS) (width 0.5))
    (fp_line (start -4.6 -6.25) (end -4.6 -6.6) (layer F.SilkS) (width 0.15))
    (fp_line (start -4.6 -6.6) (end 3.8 -6.6) (layer F.SilkS) (width 0.15))
    (fp_line (start 0.4 -3) (end -4.6 -3) (layer F.SilkS) (width 0.15))
    (fp_line (start 5.9 -1.1) (end 2.62 -1.1) (layer F.SilkS) (width 0.15))
    (fp_line (start 5.9 -4.7) (end 5.9 -3.7) (layer F.SilkS) (width 0.15))
    (fp_line (start 5.9 -1.1) (end 5.9 -1.46) (layer F.SilkS) (width 0.15))
    (fp_line (start 5.7 -1.46) (end 5.9 -1.46) (layer F.SilkS) (width 0.15))
    (fp_line (start 5.67 -3.7) (end 5.67 -1.46) (layer F.SilkS) (width 0.15))
    (fp_line (start 5.9 -3.7) (end 5.7 -3.7) (layer F.SilkS) (width 0.15))
    (fp_line (start -4.4 -6.25) (end -4.6 -6.25) (layer F.SilkS) (width 0.15))
    (fp_line (start -4.38 -4) (end -4.38 -6.25) (layer F.SilkS) (width 0.15))
    (fp_line (start -4.6 -4) (end -4.4 -4) (layer F.SilkS) (width 0.15))
    (fp_line (start -4.6 -3) (end -4.6 -4) (layer F.SilkS) (width 0.15))
    (fp_line (start -2.6 -4.8) (end 4.1 -4.8) (layer F.SilkS) (width 3.5))
    (fp_line (start -3.9 -6) (end -3.9 -3.5) (layer F.SilkS) (width 1))
    (fp_line (start -4.3 -3.3) (end -2.9 -3.3) (layer F.SilkS) (width 0.5))
    (fp_line (start 4.17 -5.1) (end 4.17 -2.86) (layer F.SilkS) (width 3))
    (fp_line (start 5.3 -1.6) (end 5.3 -3.4) (layer F.SilkS) (width 0.8))
    (fp_line (start 5.8 -3.8) (end 5.8 -4.7) (layer F.SilkS) (width 0.3))
    (fp_arc (start 0.865 -1.23) (end 0.8 -3.4) (angle 84) (layer F.SilkS) (width 1))
    (fp_arc (start 3.9 -4.6) (end 3.8 -6.6) (angle 90) (layer F.SilkS) (width 0.15))
    (fp_arc (start 0.465 -0.83) (end 0.4 -3) (angle 84) (layer F.SilkS) (width 0.15))
    (pad "" np_thru_hole circle (at -5.08 0) (size 1.8 1.8) (drill 1.8) (layers *.Cu *.Mask F.SilkS))
    (pad "" np_thru_hole circle (at 5.08 0) (size 1.8 1.8) (drill 1.8) (layers *.Cu *.Mask F.SilkS))
    (pad "" np_thru_hole circle (at 0 0 90) (size 4 4) (drill 4) (layers *.Cu *.Mask F.SilkS))
    (pad "" np_thru_hole circle (at 3.81 -2.54 180) (size 3 3) (drill 3) (layers *.Cu *.Mask))
    (pad "" np_thru_hole circle (at -2.54 -5.08 180) (size 3 3) (drill 3) (layers *.Cu *.Mask))
    (pad 2 smd rect (at -5.7 -5.12 180) (size 2.3 2) (layers F.Cu F.Paste F.Mask)
      (net 4 "Net-(D2-Pad2)"))
    (pad 1 smd rect (at 7 -2.58 180) (size 2.3 2) (layers F.Cu F.Paste F.Mask)
      (net 40 col1))
  )

  (module kbd:CherryMX_Hotswap_front (layer F.Cu) (tedit 5BCDA17B) (tstamp 5C9D8140)
    (at 148.16702 67.20232)
    (path /5B9F04A1)
    (fp_text reference SW4 (at 7.1 8.2) (layer F.SilkS) hide
      (effects (font (size 1 1) (thickness 0.15)))
    )
    (fp_text value SW_PUSH (at -5.3 -8.1) (layer F.Fab) hide
      (effects (font (size 1 1) (thickness 0.15)))
    )
    (fp_line (start 5.8 -3.8) (end 5.8 -4.7) (layer F.SilkS) (width 0.3))
    (fp_line (start 5.3 -1.6) (end 5.3 -3.4) (layer F.SilkS) (width 0.8))
    (fp_line (start 4.17 -5.1) (end 4.17 -2.86) (layer F.SilkS) (width 3))
    (fp_line (start -4.3 -3.3) (end -2.9 -3.3) (layer F.SilkS) (width 0.5))
    (fp_line (start -3.9 -6) (end -3.9 -3.5) (layer F.SilkS) (width 1))
    (fp_line (start -2.6 -4.8) (end 4.1 -4.8) (layer F.SilkS) (width 3.5))
    (fp_line (start -4.6 -3) (end -4.6 -4) (layer F.SilkS) (width 0.15))
    (fp_line (start -4.6 -4) (end -4.4 -4) (layer F.SilkS) (width 0.15))
    (fp_line (start -4.38 -4) (end -4.38 -6.25) (layer F.SilkS) (width 0.15))
    (fp_line (start -4.4 -6.25) (end -4.6 -6.25) (layer F.SilkS) (width 0.15))
    (fp_line (start 5.9 -3.7) (end 5.7 -3.7) (layer F.SilkS) (width 0.15))
    (fp_line (start 5.67 -3.7) (end 5.67 -1.46) (layer F.SilkS) (width 0.15))
    (fp_line (start 5.7 -1.46) (end 5.9 -1.46) (layer F.SilkS) (width 0.15))
    (fp_line (start 5.9 -1.1) (end 5.9 -1.46) (layer F.SilkS) (width 0.15))
    (fp_line (start 5.9 -4.7) (end 5.9 -3.7) (layer F.SilkS) (width 0.15))
    (fp_line (start 5.9 -1.1) (end 2.62 -1.1) (layer F.SilkS) (width 0.15))
    (fp_line (start 0.4 -3) (end -4.6 -3) (layer F.SilkS) (width 0.15))
    (fp_line (start -4.6 -6.6) (end 3.8 -6.6) (layer F.SilkS) (width 0.15))
    (fp_line (start -4.6 -6.25) (end -4.6 -6.6) (layer F.SilkS) (width 0.15))
    (fp_line (start 5.7 -1.3) (end 3 -1.3) (layer F.SilkS) (width 0.5))
    (fp_line (start -4.4 -6.4) (end -3 -6.4) (layer F.SilkS) (width 0.4))
    (fp_line (start -4.4 -3.9) (end -4.4 -3.2) (layer F.SilkS) (width 0.4))
    (fp_line (start -9 -9) (end 9 -9) (layer Eco2.User) (width 0.15))
    (fp_line (start 9 -9) (end 9 9) (layer Eco2.User) (width 0.15))
    (fp_line (start 9 9) (end -9 9) (layer Eco2.User) (width 0.15))
    (fp_line (start -9 9) (end -9 -9) (layer Eco2.User) (width 0.15))
    (fp_line (start -7 -7) (end 7 -7) (layer Eco2.User) (width 0.15))
    (fp_line (start 7 -7) (end 7 7) (layer Eco2.User) (width 0.15))
    (fp_line (start 7 7.1) (end -7 7.1) (layer Eco2.User) (width 0.15))
    (fp_line (start -7 7) (end -7 -7) (layer Eco2.User) (width 0.15))
    (fp_arc (start 0.465 -0.83) (end 0.4 -3) (angle 84) (layer F.SilkS) (width 0.15))
    (fp_arc (start 3.9 -4.6) (end 3.8 -6.6) (angle 90) (layer F.SilkS) (width 0.15))
    (fp_arc (start 0.865 -1.23) (end 0.8 -3.4) (angle 84) (layer F.SilkS) (width 1))
    (pad 1 smd rect (at 7 -2.58 180) (size 2.3 2) (layers F.Cu F.Paste F.Mask)
      (net 41 col2))
    (pad 2 smd rect (at -5.7 -5.12 180) (size 2.3 2) (layers F.Cu F.Paste F.Mask)
      (net 7 "Net-(D3-Pad2)"))
    (pad "" np_thru_hole circle (at -2.54 -5.08 180) (size 3 3) (drill 3) (layers *.Cu *.Mask))
    (pad "" np_thru_hole circle (at 3.81 -2.54 180) (size 3 3) (drill 3) (layers *.Cu *.Mask))
    (pad "" np_thru_hole circle (at 0 0 90) (size 4 4) (drill 4) (layers *.Cu *.Mask F.SilkS))
    (pad "" np_thru_hole circle (at 5.08 0) (size 1.8 1.8) (drill 1.8) (layers *.Cu *.Mask F.SilkS))
    (pad "" np_thru_hole circle (at -5.08 0) (size 1.8 1.8) (drill 1.8) (layers *.Cu *.Mask F.SilkS))
  )

  (module kbd:CherryMX_Hotswap_front (layer F.Cu) (tedit 5BCDA17B) (tstamp 5C9D81C4)
    (at 167.2175 67.20232)
    (path /5B9F232E)
    (fp_text reference SW5 (at 7.1 8.2) (layer F.SilkS) hide
      (effects (font (size 1 1) (thickness 0.15)))
    )
    (fp_text value SW_PUSH (at -5.3 -8.1) (layer F.Fab) hide
      (effects (font (size 1 1) (thickness 0.15)))
    )
    (fp_line (start -7 7) (end -7 -7) (layer Eco2.User) (width 0.15))
    (fp_line (start 7 7.1) (end -7 7.1) (layer Eco2.User) (width 0.15))
    (fp_line (start 7 -7) (end 7 7) (layer Eco2.User) (width 0.15))
    (fp_line (start -7 -7) (end 7 -7) (layer Eco2.User) (width 0.15))
    (fp_line (start -9 9) (end -9 -9) (layer Eco2.User) (width 0.15))
    (fp_line (start 9 9) (end -9 9) (layer Eco2.User) (width 0.15))
    (fp_line (start 9 -9) (end 9 9) (layer Eco2.User) (width 0.15))
    (fp_line (start -9 -9) (end 9 -9) (layer Eco2.User) (width 0.15))
    (fp_line (start -4.4 -3.9) (end -4.4 -3.2) (layer F.SilkS) (width 0.4))
    (fp_line (start -4.4 -6.4) (end -3 -6.4) (layer F.SilkS) (width 0.4))
    (fp_line (start 5.7 -1.3) (end 3 -1.3) (layer F.SilkS) (width 0.5))
    (fp_line (start -4.6 -6.25) (end -4.6 -6.6) (layer F.SilkS) (width 0.15))
    (fp_line (start -4.6 -6.6) (end 3.8 -6.6) (layer F.SilkS) (width 0.15))
    (fp_line (start 0.4 -3) (end -4.6 -3) (layer F.SilkS) (width 0.15))
    (fp_line (start 5.9 -1.1) (end 2.62 -1.1) (layer F.SilkS) (width 0.15))
    (fp_line (start 5.9 -4.7) (end 5.9 -3.7) (layer F.SilkS) (width 0.15))
    (fp_line (start 5.9 -1.1) (end 5.9 -1.46) (layer F.SilkS) (width 0.15))
    (fp_line (start 5.7 -1.46) (end 5.9 -1.46) (layer F.SilkS) (width 0.15))
    (fp_line (start 5.67 -3.7) (end 5.67 -1.46) (layer F.SilkS) (width 0.15))
    (fp_line (start 5.9 -3.7) (end 5.7 -3.7) (layer F.SilkS) (width 0.15))
    (fp_line (start -4.4 -6.25) (end -4.6 -6.25) (layer F.SilkS) (width 0.15))
    (fp_line (start -4.38 -4) (end -4.38 -6.25) (layer F.SilkS) (width 0.15))
    (fp_line (start -4.6 -4) (end -4.4 -4) (layer F.SilkS) (width 0.15))
    (fp_line (start -4.6 -3) (end -4.6 -4) (layer F.SilkS) (width 0.15))
    (fp_line (start -2.6 -4.8) (end 4.1 -4.8) (layer F.SilkS) (width 3.5))
    (fp_line (start -3.9 -6) (end -3.9 -3.5) (layer F.SilkS) (width 1))
    (fp_line (start -4.3 -3.3) (end -2.9 -3.3) (layer F.SilkS) (width 0.5))
    (fp_line (start 4.17 -5.1) (end 4.17 -2.86) (layer F.SilkS) (width 3))
    (fp_line (start 5.3 -1.6) (end 5.3 -3.4) (layer F.SilkS) (width 0.8))
    (fp_line (start 5.8 -3.8) (end 5.8 -4.7) (layer F.SilkS) (width 0.3))
    (fp_arc (start 0.865 -1.23) (end 0.8 -3.4) (angle 84) (layer F.SilkS) (width 1))
    (fp_arc (start 3.9 -4.6) (end 3.8 -6.6) (angle 90) (layer F.SilkS) (width 0.15))
    (fp_arc (start 0.465 -0.83) (end 0.4 -3) (angle 84) (layer F.SilkS) (width 0.15))
    (pad "" np_thru_hole circle (at -5.08 0) (size 1.8 1.8) (drill 1.8) (layers *.Cu *.Mask F.SilkS))
    (pad "" np_thru_hole circle (at 5.08 0) (size 1.8 1.8) (drill 1.8) (layers *.Cu *.Mask F.SilkS))
    (pad "" np_thru_hole circle (at 0 0 90) (size 4 4) (drill 4) (layers *.Cu *.Mask F.SilkS))
    (pad "" np_thru_hole circle (at 3.81 -2.54 180) (size 3 3) (drill 3) (layers *.Cu *.Mask))
    (pad "" np_thru_hole circle (at -2.54 -5.08 180) (size 3 3) (drill 3) (layers *.Cu *.Mask))
    (pad 2 smd rect (at -5.7 -5.12 180) (size 2.3 2) (layers F.Cu F.Paste F.Mask)
      (net 8 "Net-(D4-Pad2)"))
    (pad 1 smd rect (at 7 -2.58 180) (size 2.3 2) (layers F.Cu F.Paste F.Mask)
      (net 42 col3))
  )

  (module kbd:CherryMX_Hotswap_front (layer F.Cu) (tedit 5BCDA17B) (tstamp 5C9D8248)
    (at 186.26798 67.20232)
    (path /5B9F47E0)
    (fp_text reference SW6 (at 7.1 8.2) (layer F.SilkS) hide
      (effects (font (size 1 1) (thickness 0.15)))
    )
    (fp_text value SW_PUSH (at -5.3 -8.1) (layer F.Fab) hide
      (effects (font (size 1 1) (thickness 0.15)))
    )
    (fp_line (start 5.8 -3.8) (end 5.8 -4.7) (layer F.SilkS) (width 0.3))
    (fp_line (start 5.3 -1.6) (end 5.3 -3.4) (layer F.SilkS) (width 0.8))
    (fp_line (start 4.17 -5.1) (end 4.17 -2.86) (layer F.SilkS) (width 3))
    (fp_line (start -4.3 -3.3) (end -2.9 -3.3) (layer F.SilkS) (width 0.5))
    (fp_line (start -3.9 -6) (end -3.9 -3.5) (layer F.SilkS) (width 1))
    (fp_line (start -2.6 -4.8) (end 4.1 -4.8) (layer F.SilkS) (width 3.5))
    (fp_line (start -4.6 -3) (end -4.6 -4) (layer F.SilkS) (width 0.15))
    (fp_line (start -4.6 -4) (end -4.4 -4) (layer F.SilkS) (width 0.15))
    (fp_line (start -4.38 -4) (end -4.38 -6.25) (layer F.SilkS) (width 0.15))
    (fp_line (start -4.4 -6.25) (end -4.6 -6.25) (layer F.SilkS) (width 0.15))
    (fp_line (start 5.9 -3.7) (end 5.7 -3.7) (layer F.SilkS) (width 0.15))
    (fp_line (start 5.67 -3.7) (end 5.67 -1.46) (layer F.SilkS) (width 0.15))
    (fp_line (start 5.7 -1.46) (end 5.9 -1.46) (layer F.SilkS) (width 0.15))
    (fp_line (start 5.9 -1.1) (end 5.9 -1.46) (layer F.SilkS) (width 0.15))
    (fp_line (start 5.9 -4.7) (end 5.9 -3.7) (layer F.SilkS) (width 0.15))
    (fp_line (start 5.9 -1.1) (end 2.62 -1.1) (layer F.SilkS) (width 0.15))
    (fp_line (start 0.4 -3) (end -4.6 -3) (layer F.SilkS) (width 0.15))
    (fp_line (start -4.6 -6.6) (end 3.8 -6.6) (layer F.SilkS) (width 0.15))
    (fp_line (start -4.6 -6.25) (end -4.6 -6.6) (layer F.SilkS) (width 0.15))
    (fp_line (start 5.7 -1.3) (end 3 -1.3) (layer F.SilkS) (width 0.5))
    (fp_line (start -4.4 -6.4) (end -3 -6.4) (layer F.SilkS) (width 0.4))
    (fp_line (start -4.4 -3.9) (end -4.4 -3.2) (layer F.SilkS) (width 0.4))
    (fp_line (start -9 -9) (end 9 -9) (layer Eco2.User) (width 0.15))
    (fp_line (start 9 -9) (end 9 9) (layer Eco2.User) (width 0.15))
    (fp_line (start 9 9) (end -9 9) (layer Eco2.User) (width 0.15))
    (fp_line (start -9 9) (end -9 -9) (layer Eco2.User) (width 0.15))
    (fp_line (start -7 -7) (end 7 -7) (layer Eco2.User) (width 0.15))
    (fp_line (start 7 -7) (end 7 7) (layer Eco2.User) (width 0.15))
    (fp_line (start 7 7.1) (end -7 7.1) (layer Eco2.User) (width 0.15))
    (fp_line (start -7 7) (end -7 -7) (layer Eco2.User) (width 0.15))
    (fp_arc (start 0.465 -0.83) (end 0.4 -3) (angle 84) (layer F.SilkS) (width 0.15))
    (fp_arc (start 3.9 -4.6) (end 3.8 -6.6) (angle 90) (layer F.SilkS) (width 0.15))
    (fp_arc (start 0.865 -1.23) (end 0.8 -3.4) (angle 84) (layer F.SilkS) (width 1))
    (pad 1 smd rect (at 7 -2.58 180) (size 2.3 2) (layers F.Cu F.Paste F.Mask)
      (net 43 col4))
    (pad 2 smd rect (at -5.7 -5.12 180) (size 2.3 2) (layers F.Cu F.Paste F.Mask)
      (net 9 "Net-(D5-Pad2)"))
    (pad "" np_thru_hole circle (at -2.54 -5.08 180) (size 3 3) (drill 3) (layers *.Cu *.Mask))
    (pad "" np_thru_hole circle (at 3.81 -2.54 180) (size 3 3) (drill 3) (layers *.Cu *.Mask))
    (pad "" np_thru_hole circle (at 0 0 90) (size 4 4) (drill 4) (layers *.Cu *.Mask F.SilkS))
    (pad "" np_thru_hole circle (at 5.08 0) (size 1.8 1.8) (drill 1.8) (layers *.Cu *.Mask F.SilkS))
    (pad "" np_thru_hole circle (at -5.08 0) (size 1.8 1.8) (drill 1.8) (layers *.Cu *.Mask F.SilkS))
  )

  (module kbd:CherryMX_Hotswap_front (layer F.Cu) (tedit 5BCDA17B) (tstamp 5C9D82F8)
    (at 214.8437 67.20232)
    (path /5BD46557)
    (fp_text reference SW7 (at 7.1 8.2) (layer F.SilkS) hide
      (effects (font (size 1 1) (thickness 0.15)))
    )
    (fp_text value SW_PUSH (at -5.3 -8.1) (layer F.Fab) hide
      (effects (font (size 1 1) (thickness 0.15)))
    )
    (fp_line (start -7 7) (end -7 -7) (layer Eco2.User) (width 0.15))
    (fp_line (start 7 7.1) (end -7 7.1) (layer Eco2.User) (width 0.15))
    (fp_line (start 7 -7) (end 7 7) (layer Eco2.User) (width 0.15))
    (fp_line (start -7 -7) (end 7 -7) (layer Eco2.User) (width 0.15))
    (fp_line (start -9 9) (end -9 -9) (layer Eco2.User) (width 0.15))
    (fp_line (start 9 9) (end -9 9) (layer Eco2.User) (width 0.15))
    (fp_line (start 9 -9) (end 9 9) (layer Eco2.User) (width 0.15))
    (fp_line (start -9 -9) (end 9 -9) (layer Eco2.User) (width 0.15))
    (fp_line (start -4.4 -3.9) (end -4.4 -3.2) (layer F.SilkS) (width 0.4))
    (fp_line (start -4.4 -6.4) (end -3 -6.4) (layer F.SilkS) (width 0.4))
    (fp_line (start 5.7 -1.3) (end 3 -1.3) (layer F.SilkS) (width 0.5))
    (fp_line (start -4.6 -6.25) (end -4.6 -6.6) (layer F.SilkS) (width 0.15))
    (fp_line (start -4.6 -6.6) (end 3.8 -6.6) (layer F.SilkS) (width 0.15))
    (fp_line (start 0.4 -3) (end -4.6 -3) (layer F.SilkS) (width 0.15))
    (fp_line (start 5.9 -1.1) (end 2.62 -1.1) (layer F.SilkS) (width 0.15))
    (fp_line (start 5.9 -4.7) (end 5.9 -3.7) (layer F.SilkS) (width 0.15))
    (fp_line (start 5.9 -1.1) (end 5.9 -1.46) (layer F.SilkS) (width 0.15))
    (fp_line (start 5.7 -1.46) (end 5.9 -1.46) (layer F.SilkS) (width 0.15))
    (fp_line (start 5.67 -3.7) (end 5.67 -1.46) (layer F.SilkS) (width 0.15))
    (fp_line (start 5.9 -3.7) (end 5.7 -3.7) (layer F.SilkS) (width 0.15))
    (fp_line (start -4.4 -6.25) (end -4.6 -6.25) (layer F.SilkS) (width 0.15))
    (fp_line (start -4.38 -4) (end -4.38 -6.25) (layer F.SilkS) (width 0.15))
    (fp_line (start -4.6 -4) (end -4.4 -4) (layer F.SilkS) (width 0.15))
    (fp_line (start -4.6 -3) (end -4.6 -4) (layer F.SilkS) (width 0.15))
    (fp_line (start -2.6 -4.8) (end 4.1 -4.8) (layer F.SilkS) (width 3.5))
    (fp_line (start -3.9 -6) (end -3.9 -3.5) (layer F.SilkS) (width 1))
    (fp_line (start -4.3 -3.3) (end -2.9 -3.3) (layer F.SilkS) (width 0.5))
    (fp_line (start 4.17 -5.1) (end 4.17 -2.86) (layer F.SilkS) (width 3))
    (fp_line (start 5.3 -1.6) (end 5.3 -3.4) (layer F.SilkS) (width 0.8))
    (fp_line (start 5.8 -3.8) (end 5.8 -4.7) (layer F.SilkS) (width 0.3))
    (fp_arc (start 0.865 -1.23) (end 0.8 -3.4) (angle 84) (layer F.SilkS) (width 1))
    (fp_arc (start 3.9 -4.6) (end 3.8 -6.6) (angle 90) (layer F.SilkS) (width 0.15))
    (fp_arc (start 0.465 -0.83) (end 0.4 -3) (angle 84) (layer F.SilkS) (width 0.15))
    (pad "" np_thru_hole circle (at -5.08 0) (size 1.8 1.8) (drill 1.8) (layers *.Cu *.Mask F.SilkS))
    (pad "" np_thru_hole circle (at 5.08 0) (size 1.8 1.8) (drill 1.8) (layers *.Cu *.Mask F.SilkS))
    (pad "" np_thru_hole circle (at 0 0 90) (size 4 4) (drill 4) (layers *.Cu *.Mask F.SilkS))
    (pad "" np_thru_hole circle (at 3.81 -2.54 180) (size 3 3) (drill 3) (layers *.Cu *.Mask))
    (pad "" np_thru_hole circle (at -2.54 -5.08 180) (size 3 3) (drill 3) (layers *.Cu *.Mask))
    (pad 2 smd rect (at -5.7 -5.12 180) (size 2.3 2) (layers F.Cu F.Paste F.Mask)
      (net 10 "Net-(D6-Pad2)"))
    (pad 1 smd rect (at 7 -2.58 180) (size 2.3 2) (layers F.Cu F.Paste F.Mask)
      (net 54 col5))
  )

  (module kbd:CherryMX_Hotswap_front (layer F.Cu) (tedit 5BCDA17B) (tstamp 5C9D83A8)
    (at 233.89418 67.20232)
    (path /5BD4656A)
    (fp_text reference SW8 (at 7.1 8.2) (layer F.SilkS) hide
      (effects (font (size 1 1) (thickness 0.15)))
    )
    (fp_text value SW_PUSH (at -5.3 -8.1) (layer F.Fab) hide
      (effects (font (size 1 1) (thickness 0.15)))
    )
    (fp_line (start 5.8 -3.8) (end 5.8 -4.7) (layer F.SilkS) (width 0.3))
    (fp_line (start 5.3 -1.6) (end 5.3 -3.4) (layer F.SilkS) (width 0.8))
    (fp_line (start 4.17 -5.1) (end 4.17 -2.86) (layer F.SilkS) (width 3))
    (fp_line (start -4.3 -3.3) (end -2.9 -3.3) (layer F.SilkS) (width 0.5))
    (fp_line (start -3.9 -6) (end -3.9 -3.5) (layer F.SilkS) (width 1))
    (fp_line (start -2.6 -4.8) (end 4.1 -4.8) (layer F.SilkS) (width 3.5))
    (fp_line (start -4.6 -3) (end -4.6 -4) (layer F.SilkS) (width 0.15))
    (fp_line (start -4.6 -4) (end -4.4 -4) (layer F.SilkS) (width 0.15))
    (fp_line (start -4.38 -4) (end -4.38 -6.25) (layer F.SilkS) (width 0.15))
    (fp_line (start -4.4 -6.25) (end -4.6 -6.25) (layer F.SilkS) (width 0.15))
    (fp_line (start 5.9 -3.7) (end 5.7 -3.7) (layer F.SilkS) (width 0.15))
    (fp_line (start 5.67 -3.7) (end 5.67 -1.46) (layer F.SilkS) (width 0.15))
    (fp_line (start 5.7 -1.46) (end 5.9 -1.46) (layer F.SilkS) (width 0.15))
    (fp_line (start 5.9 -1.1) (end 5.9 -1.46) (layer F.SilkS) (width 0.15))
    (fp_line (start 5.9 -4.7) (end 5.9 -3.7) (layer F.SilkS) (width 0.15))
    (fp_line (start 5.9 -1.1) (end 2.62 -1.1) (layer F.SilkS) (width 0.15))
    (fp_line (start 0.4 -3) (end -4.6 -3) (layer F.SilkS) (width 0.15))
    (fp_line (start -4.6 -6.6) (end 3.8 -6.6) (layer F.SilkS) (width 0.15))
    (fp_line (start -4.6 -6.25) (end -4.6 -6.6) (layer F.SilkS) (width 0.15))
    (fp_line (start 5.7 -1.3) (end 3 -1.3) (layer F.SilkS) (width 0.5))
    (fp_line (start -4.4 -6.4) (end -3 -6.4) (layer F.SilkS) (width 0.4))
    (fp_line (start -4.4 -3.9) (end -4.4 -3.2) (layer F.SilkS) (width 0.4))
    (fp_line (start -9 -9) (end 9 -9) (layer Eco2.User) (width 0.15))
    (fp_line (start 9 -9) (end 9 9) (layer Eco2.User) (width 0.15))
    (fp_line (start 9 9) (end -9 9) (layer Eco2.User) (width 0.15))
    (fp_line (start -9 9) (end -9 -9) (layer Eco2.User) (width 0.15))
    (fp_line (start -7 -7) (end 7 -7) (layer Eco2.User) (width 0.15))
    (fp_line (start 7 -7) (end 7 7) (layer Eco2.User) (width 0.15))
    (fp_line (start 7 7.1) (end -7 7.1) (layer Eco2.User) (width 0.15))
    (fp_line (start -7 7) (end -7 -7) (layer Eco2.User) (width 0.15))
    (fp_arc (start 0.465 -0.83) (end 0.4 -3) (angle 84) (layer F.SilkS) (width 0.15))
    (fp_arc (start 3.9 -4.6) (end 3.8 -6.6) (angle 90) (layer F.SilkS) (width 0.15))
    (fp_arc (start 0.865 -1.23) (end 0.8 -3.4) (angle 84) (layer F.SilkS) (width 1))
    (pad 1 smd rect (at 7 -2.58 180) (size 2.3 2) (layers F.Cu F.Paste F.Mask)
      (net 55 col6))
    (pad 2 smd rect (at -5.7 -5.12 180) (size 2.3 2) (layers F.Cu F.Paste F.Mask)
      (net 11 "Net-(D7-Pad2)"))
    (pad "" np_thru_hole circle (at -2.54 -5.08 180) (size 3 3) (drill 3) (layers *.Cu *.Mask))
    (pad "" np_thru_hole circle (at 3.81 -2.54 180) (size 3 3) (drill 3) (layers *.Cu *.Mask))
    (pad "" np_thru_hole circle (at 0 0 90) (size 4 4) (drill 4) (layers *.Cu *.Mask F.SilkS))
    (pad "" np_thru_hole circle (at 5.08 0) (size 1.8 1.8) (drill 1.8) (layers *.Cu *.Mask F.SilkS))
    (pad "" np_thru_hole circle (at -5.08 0) (size 1.8 1.8) (drill 1.8) (layers *.Cu *.Mask F.SilkS))
  )

  (module kbd:CherryMX_Hotswap_front (layer F.Cu) (tedit 5BCDA17B) (tstamp 5C9D842C)
    (at 252.94466 67.20232)
    (path /5BD4657D)
    (fp_text reference SW9 (at 7.1 8.2) (layer F.SilkS) hide
      (effects (font (size 1 1) (thickness 0.15)))
    )
    (fp_text value SW_PUSH (at -5.3 -8.1) (layer F.Fab) hide
      (effects (font (size 1 1) (thickness 0.15)))
    )
    (fp_line (start 5.8 -3.8) (end 5.8 -4.7) (layer F.SilkS) (width 0.3))
    (fp_line (start 5.3 -1.6) (end 5.3 -3.4) (layer F.SilkS) (width 0.8))
    (fp_line (start 4.17 -5.1) (end 4.17 -2.86) (layer F.SilkS) (width 3))
    (fp_line (start -4.3 -3.3) (end -2.9 -3.3) (layer F.SilkS) (width 0.5))
    (fp_line (start -3.9 -6) (end -3.9 -3.5) (layer F.SilkS) (width 1))
    (fp_line (start -2.6 -4.8) (end 4.1 -4.8) (layer F.SilkS) (width 3.5))
    (fp_line (start -4.6 -3) (end -4.6 -4) (layer F.SilkS) (width 0.15))
    (fp_line (start -4.6 -4) (end -4.4 -4) (layer F.SilkS) (width 0.15))
    (fp_line (start -4.38 -4) (end -4.38 -6.25) (layer F.SilkS) (width 0.15))
    (fp_line (start -4.4 -6.25) (end -4.6 -6.25) (layer F.SilkS) (width 0.15))
    (fp_line (start 5.9 -3.7) (end 5.7 -3.7) (layer F.SilkS) (width 0.15))
    (fp_line (start 5.67 -3.7) (end 5.67 -1.46) (layer F.SilkS) (width 0.15))
    (fp_line (start 5.7 -1.46) (end 5.9 -1.46) (layer F.SilkS) (width 0.15))
    (fp_line (start 5.9 -1.1) (end 5.9 -1.46) (layer F.SilkS) (width 0.15))
    (fp_line (start 5.9 -4.7) (end 5.9 -3.7) (layer F.SilkS) (width 0.15))
    (fp_line (start 5.9 -1.1) (end 2.62 -1.1) (layer F.SilkS) (width 0.15))
    (fp_line (start 0.4 -3) (end -4.6 -3) (layer F.SilkS) (width 0.15))
    (fp_line (start -4.6 -6.6) (end 3.8 -6.6) (layer F.SilkS) (width 0.15))
    (fp_line (start -4.6 -6.25) (end -4.6 -6.6) (layer F.SilkS) (width 0.15))
    (fp_line (start 5.7 -1.3) (end 3 -1.3) (layer F.SilkS) (width 0.5))
    (fp_line (start -4.4 -6.4) (end -3 -6.4) (layer F.SilkS) (width 0.4))
    (fp_line (start -4.4 -3.9) (end -4.4 -3.2) (layer F.SilkS) (width 0.4))
    (fp_line (start -9 -9) (end 9 -9) (layer Eco2.User) (width 0.15))
    (fp_line (start 9 -9) (end 9 9) (layer Eco2.User) (width 0.15))
    (fp_line (start 9 9) (end -9 9) (layer Eco2.User) (width 0.15))
    (fp_line (start -9 9) (end -9 -9) (layer Eco2.User) (width 0.15))
    (fp_line (start -7 -7) (end 7 -7) (layer Eco2.User) (width 0.15))
    (fp_line (start 7 -7) (end 7 7) (layer Eco2.User) (width 0.15))
    (fp_line (start 7 7.1) (end -7 7.1) (layer Eco2.User) (width 0.15))
    (fp_line (start -7 7) (end -7 -7) (layer Eco2.User) (width 0.15))
    (fp_arc (start 0.465 -0.83) (end 0.4 -3) (angle 84) (layer F.SilkS) (width 0.15))
    (fp_arc (start 3.9 -4.6) (end 3.8 -6.6) (angle 90) (layer F.SilkS) (width 0.15))
    (fp_arc (start 0.865 -1.23) (end 0.8 -3.4) (angle 84) (layer F.SilkS) (width 1))
    (pad 1 smd rect (at 7 -2.58 180) (size 2.3 2) (layers F.Cu F.Paste F.Mask)
      (net 56 col7))
    (pad 2 smd rect (at -5.7 -5.12 180) (size 2.3 2) (layers F.Cu F.Paste F.Mask)
      (net 12 "Net-(D8-Pad2)"))
    (pad "" np_thru_hole circle (at -2.54 -5.08 180) (size 3 3) (drill 3) (layers *.Cu *.Mask))
    (pad "" np_thru_hole circle (at 3.81 -2.54 180) (size 3 3) (drill 3) (layers *.Cu *.Mask))
    (pad "" np_thru_hole circle (at 0 0 90) (size 4 4) (drill 4) (layers *.Cu *.Mask F.SilkS))
    (pad "" np_thru_hole circle (at 5.08 0) (size 1.8 1.8) (drill 1.8) (layers *.Cu *.Mask F.SilkS))
    (pad "" np_thru_hole circle (at -5.08 0) (size 1.8 1.8) (drill 1.8) (layers *.Cu *.Mask F.SilkS))
  )

  (module kbd:CherryMX_Hotswap_front (layer F.Cu) (tedit 5BCDA17B) (tstamp 5C9D84B0)
    (at 271.99514 67.20232)
    (path /5BD46590)
    (fp_text reference SW10 (at 7.1 8.2) (layer F.SilkS) hide
      (effects (font (size 1 1) (thickness 0.15)))
    )
    (fp_text value SW_PUSH (at -5.3 -8.1) (layer F.Fab) hide
      (effects (font (size 1 1) (thickness 0.15)))
    )
    (fp_line (start -7 7) (end -7 -7) (layer Eco2.User) (width 0.15))
    (fp_line (start 7 7.1) (end -7 7.1) (layer Eco2.User) (width 0.15))
    (fp_line (start 7 -7) (end 7 7) (layer Eco2.User) (width 0.15))
    (fp_line (start -7 -7) (end 7 -7) (layer Eco2.User) (width 0.15))
    (fp_line (start -9 9) (end -9 -9) (layer Eco2.User) (width 0.15))
    (fp_line (start 9 9) (end -9 9) (layer Eco2.User) (width 0.15))
    (fp_line (start 9 -9) (end 9 9) (layer Eco2.User) (width 0.15))
    (fp_line (start -9 -9) (end 9 -9) (layer Eco2.User) (width 0.15))
    (fp_line (start -4.4 -3.9) (end -4.4 -3.2) (layer F.SilkS) (width 0.4))
    (fp_line (start -4.4 -6.4) (end -3 -6.4) (layer F.SilkS) (width 0.4))
    (fp_line (start 5.7 -1.3) (end 3 -1.3) (layer F.SilkS) (width 0.5))
